   -5.000000000000E+000    0.000000000000E+000    0.000000000000E+000
   -4.898989898990E+000    9.998979695949E+000    9.998979695949E+000
   -4.797979797980E+000    1.979389858178E+001    1.979389858178E+001
   -4.696969696970E+000    2.938475665748E+001    2.938475665748E+001
   -4.595959595960E+000    3.877155392307E+001    3.877155392307E+001
   -4.494949494949E+000    4.795429037853E+001    4.795429037853E+001
   -4.393939393939E+000    5.693296602388E+001    5.693296602387E+001
   -4.292929292929E+000    6.570758085910E+001    6.570758085910E+001
   -4.191919191919E+000    7.427813488420E+001    7.427813488419E+001
   -4.090909090909E+000    8.264462809917E+001    8.264462809917E+001
   -3.989898989899E+000    9.080706050403E+001    9.080706050403E+001
   -3.888888888889E+000    9.876543209877E+001    9.876543209876E+001
   -3.787878787879E+000    1.065197428834E+002    1.065197428834E+002
   -3.686868686869E+000    1.140699928579E+002    1.140699928579E+002
   -3.585858585859E+000    1.214161820222E+002    1.214161820222E+002
   -3.484848484848E+000    1.285583103765E+002    1.285583103765E+002
   -3.383838383838E+000    1.354963779206E+002    1.354963779206E+002
   -3.282828282828E+000    1.422303846546E+002    1.422303846546E+002
   -3.181818181818E+000    1.487603305785E+002    1.487603305785E+002
   -3.080808080808E+000    1.550862156923E+002    1.550862156923E+002
   -2.979797979798E+000    1.612080399959E+002    1.612080399959E+002
   -2.878787878788E+000    1.671258034894E+002    1.671258034894E+002
   -2.777777777778E+000    1.728395061728E+002    1.728395061728E+002
   -2.676767676768E+000    1.783491480461E+002    1.783491480461E+002
   -2.575757575758E+000    1.836547291093E+002    1.836547291093E+002
   -2.474747474747E+000    1.887562493623E+002    1.887562493623E+002
   -2.373737373737E+000    1.936537088052E+002    1.936537088052E+002
   -2.272727272727E+000    1.983471074380E+002    1.983471074380E+002
   -2.171717171717E+000    2.028364452607E+002    2.028364452607E+002
   -2.070707070707E+000    2.071217222732E+002    2.071217222732E+002
   -1.969696969697E+000    2.112029384757E+002    2.112029384757E+002
   -1.868686868687E+000    2.150800938680E+002    2.150800938680E+002
   -1.767676767677E+000    2.187531884502E+002    2.187531884502E+002
   -1.666666666667E+000    2.222222222222E+002    2.222222222222E+002
   -1.565656565657E+000    2.254871951842E+002    2.254871951842E+002
   -1.464646464646E+000    2.285481073360E+002    2.285481073360E+002
   -1.363636363636E+000    2.314049586777E+002    2.314049586777E+002
   -1.262626262626E+000    2.340577492093E+002    2.340577492093E+002
   -1.161616161616E+000    2.365064789307E+002    2.365064789307E+002
   -1.060606060606E+000    2.387511478421E+002    2.387511478421E+002
   -9.595959595960E-001    2.407917559433E+002    2.407917559433E+002
   -8.585858585859E-001    2.426283032344E+002    2.426283032344E+002
   -7.575757575758E-001    2.442607897153E+002    2.442607897153E+002
   -6.565656565657E-001    2.456892153862E+002    2.456892153862E+002
   -5.555555555556E-001    2.469135802469E+002    2.469135802469E+002
   -4.545454545455E-001    2.479338842975E+002    2.479338842975E+002
   -3.535353535354E-001    2.487501275380E+002    2.487501275380E+002
   -2.525252525253E-001    2.493623099684E+002    2.493623099684E+002
   -1.515151515152E-001    2.497704315886E+002    2.497704315886E+002
   -5.050505050505E-002    2.499744923987E+002    2.499744923987E+002
    5.050505050505E-002    2.499744923987E+002    2.499744923987E+002
    1.515151515152E-001    2.497704315886E+002    2.497704315886E+002
    2.525252525253E-001    2.493623099684E+002    2.493623099684E+002
    3.535353535354E-001    2.487501275380E+002    2.487501275380E+002
    4.545454545455E-001    2.479338842975E+002    2.479338842975E+002
    5.555555555556E-001    2.469135802469E+002    2.469135802469E+002
    6.565656565657E-001    2.456892153862E+002    2.456892153862E+002
    7.575757575758E-001    2.442607897153E+002    2.442607897153E+002
    8.585858585859E-001    2.426283032344E+002    2.426283032344E+002
    9.595959595960E-001    2.407917559433E+002    2.407917559433E+002
    1.060606060606E+000    2.387511478421E+002    2.387511478421E+002
    1.161616161616E+000    2.365064789307E+002    2.365064789307E+002
    1.262626262626E+000    2.340577492093E+002    2.340577492093E+002
    1.363636363636E+000    2.314049586777E+002    2.314049586777E+002
    1.464646464646E+000    2.285481073360E+002    2.285481073360E+002
    1.565656565657E+000    2.254871951842E+002    2.254871951842E+002
    1.666666666667E+000    2.222222222222E+002    2.222222222222E+002
    1.767676767677E+000    2.187531884502E+002    2.187531884502E+002
    1.868686868687E+000    2.150800938680E+002    2.150800938680E+002
    1.969696969697E+000    2.112029384757E+002    2.112029384757E+002
    2.070707070707E+000    2.071217222732E+002    2.071217222732E+002
    2.171717171717E+000    2.028364452607E+002    2.028364452607E+002
    2.272727272727E+000    1.983471074380E+002    1.983471074380E+002
    2.373737373737E+000    1.936537088052E+002    1.936537088052E+002
    2.474747474747E+000    1.887562493623E+002    1.887562493623E+002
    2.575757575758E+000    1.836547291093E+002    1.836547291093E+002
    2.676767676768E+000    1.783491480461E+002    1.783491480461E+002
    2.777777777778E+000    1.728395061728E+002    1.728395061728E+002
    2.878787878788E+000    1.671258034894E+002    1.671258034894E+002
    2.979797979798E+000    1.612080399959E+002    1.612080399959E+002
    3.080808080808E+000    1.550862156923E+002    1.550862156923E+002
    3.181818181818E+000    1.487603305785E+002    1.487603305785E+002
    3.282828282828E+000    1.422303846546E+002    1.422303846546E+002
    3.383838383838E+000    1.354963779206E+002    1.354963779206E+002
    3.484848484848E+000    1.285583103765E+002    1.285583103765E+002
    3.585858585859E+000    1.214161820222E+002    1.214161820222E+002
    3.686868686869E+000    1.140699928579E+002    1.140699928579E+002
    3.787878787879E+000    1.065197428834E+002    1.065197428834E+002
    3.888888888889E+000    9.876543209877E+001    9.876543209876E+001
    3.989898989899E+000    9.080706050403E+001    9.080706050403E+001
    4.090909090909E+000    8.264462809917E+001    8.264462809917E+001
    4.191919191919E+000    7.427813488420E+001    7.427813488420E+001
    4.292929292929E+000    6.570758085910E+001    6.570758085910E+001
    4.393939393939E+000    5.693296602388E+001    5.693296602387E+001
    4.494949494949E+000    4.795429037853E+001    4.795429037853E+001
    4.595959595960E+000    3.877155392307E+001    3.877155392307E+001
    4.696969696970E+000    2.938475665748E+001    2.938475665748E+001
    4.797979797980E+000    1.979389858178E+001    1.979389858178E+001
    4.898989898990E+000    9.998979695949E+000    9.998979695949E+000
    5.000000000000E+000    0.000000000000E+000    0.000000000000E+000
